drange=14
Cmaxcut=0.32
Ymaxcut=0.33
Smaxcut=0.87
Smeancut=0.48
Dmaxcut=0.43
Cscales=1.19048,1.02041,1.25,0.980392,1.16279
