drange=16
Cmaxcut=0.52
Ymaxcut=0.33
Smaxcut=0.92
Smeancut=0.49
Dmaxcut=0.44
Cscales=0.925926,1.19048,0.892857,1.35135,1.25
