drange=18
Cmaxcut=0.52
Ymaxcut=0.32
Smaxcut=0.97
Smeancut=0.51
Dmaxcut=0.45
Cscales=1.02041,1.31579,1.47059,2.27273,1.13636
